34252435
437230
10333696
6804022
41204275
29660677
14454079
34335274
3566839
13371385
27548902
13357978
22883023
32391052
32102230
766456
33739765
30507214
45647752
36833089
19712770
47510830
25927810
364711
12747943
2766130
26125543
27704683
41877640
36620599
38875285
49793185
38771302
23133127
47104171
50379097
35863294
13049245
49822777
483074
34331266
9970135
59345410
11784064
13920211
34544470
21746566
52187
3578767
52081768
64266439
53484178
40358338
47954446
65656069
44724190
40250446
34223098
14620684
41339983
1706659
42578977
56929147
75678532
39900379
21681409
39000580
63896467
1699198
27577753
46310518
79831699
9406147
31714723
54107305
33829606
21406375
37056109
23255254
48082576
64405921
66314959
34559254
61240084
40691251
47338813
68102728
17187814
66015028
48113416
28853317
82005523
47166673
48298750
57847366
1635976
37474447
40629421
9359
61081174
24021514
52731448
14475571
4830469
31304089
65326723
31687273
38981638
27389440
1387552
24022954
3447943
14174188
46128271
31966426
46931044
52568089
20443570
97905772
41273824
66075496
52430464
22032670
2966728
17278270
35164483
40793353
49988995
85697989
23741977
255113
106375750
84971953
52601437
40215496
4537153
42876982
40547686
33163621
433204
45813817
13835986
50651254
8064955
40258051
68708818
61789600
49810546
9645196
65181190
67659487
43508989
88227160
18843775
35787358
18689401
30784087
76315675
5827960
6483889
48145858
60782137
393648
54901048
34913719
30809026
68218000
44807053
15070186
30347770
62083981
32296549
110727331
14424988
20252536
79001716
94885114
102127438
68888710
41653165
52129792
1542970
2828182
88780159
8311618
63548410
58575787
85740745
81679045
47922424
84605107
452591
1753525
27486463
45286294
73535800
50000608
25631602
103397782
112307980
63120040
41020432
2492821
23289961
12430126
74911975
19577437
45563302
38694091
40416133
19737253
40701187
106637062
21759118
43306885
86162617
11869051
35555611
20937202
26247556
26121889
11316991
31538644
63161620
7733089
54522088
39706072
100399726
69576079
26554504
55633333
42302482
3807487
31586815
1508977
47426095
32678692
99912238
110094886
28802326
7484497
16942636
15604228
66470683
33162961
57585808
28508098
19909426
37580692
42978364
5753956
30425992
9380863
3760726
210944297
49507624
57876931
6625483
94943035
22022770
36233713
68332165
57578677
33664387
5714971
8018728
38191813
53126356
52740943
13032049
52774657
77732767
12623170
106077712
33704230
39843019
34165324
82853125
9661792
40085461
37354183
62850787
51646912
48500926
5010412
67234714
50775139
55133920
59681248
63510439
79859353
14110138
29045146
45660484
87853216
23556979
67949851
66227890
7513714
92729878
29572534
14191102
66375619
74475388
37560748
41091559
40754953
1897804
32131570
48260521
8482279
16888030
29887450
62219374
98798320
213322467
487724
74026960
74241853
60651544
33984553
42055096
214818115
12542557
14351716
78728698
9942898
79105453
42797401
100194958
81336754
1087585
83947954
2242855
14143345
59118298
2116516
48510628
43550749
67663471
25323535
95174635
14422777
106535335
110248114
13011778
213502573
101432986
99888967
100866739
83229577
51319906
53001469
5424229
48839980
51163267
29000179
16289983
68638264
4829821
63685999
40550416
213629630
31676020
210260232
31531579
17340634
87874120
94200028
19105069
36857554
3816820
13119184
96882121
30556918
44529802
676555
90954958
100112944
68839930
14120707
31136260
43361830
59851855
29862283
25505392
45757222
37166209
17377492
91490725
17812723
70276564
96167386
42300328
42597103
69762841
29701354
81353425
37945819
100177945
68233351
543106
108024364
6843979
71053633
87030190
2552056
38422183
48328576
110659603
23293315
93766693
86102959
214396105
104720824
68758726
593452
68239885
64839964
34696777
38300113
6459853
15801427
29737147
18700903
37032379
37626634
85077697
37952854
101976247
44514031
65098939
112323213
82311424
12441865
114143792
44483005
100002268
209682460
41156137
111564541
12322456
103971577
92272366
106563364
85764091
212336961
25564531
33427984
208644525
111135070
63121915
38636854
214823208
104997004
40107289
99486913
38418082
65061340
54773140
86578540
11622034
67361098
112361158
62458852
204801427
98607715
111921433
38632510
84660445
37853578
214026257
313109
97177015
25154908
44139196
9724213
217616774
213542077
68487829
214292171
215626004
70358974
25228495
7564936
215615846
95818012
71592814
22847533
69556327
216325618
91033135
110823640
210887357
209957557
97704616
66989755
76891243
4037401
46319278
44435251
3865723
74566564
20719204
59389963
37465768
107814661
22261528
77548129
102970312
10718500
103071970
11833828
62162509
217673397
210812376
7279867
216186936
53252587
110795479
27766792
70226194
22491934
213282123
13184317
98802040
56014489
94376374
213019681
92353147
52730020
40012585
214666656
104204494
214594242
214466379
68990188
55634713
96673366
68121508
67340923
214430982
8371438
43942174
88650757
219415981
30839959
23240506
78744061
103359469
56642896
17961301
48825091
93012700
77767750
214840776
53403820
23275519
78141727
217063693
106729837
31308634
70036204
65719480
77628157
219168344
61478173
112015369
45054889
17914174
212771825
8183515
100618042
1065466
92120002
88318579
40629226
108549760
19185775
83602288
95082376
95636968
69808516
69838558
14752465
1739101
215125924
2565742
87121213
214702920
23313850
28374385
4435654
5388034
36794683
86177731
81340135
62711215
26472445
54280048
37090072
80089942
27097294
43437808
220669142
28945957
69882886
1546927
198962
37379920
1710925
30732214
219177238
519061
78071512
113546840
629503
20616628
88684219
30523933
41615749
67365046
221747267
43542859
18752524
221821130
70474438
215896585
112345208
47655196
206091561
221375171
3771739
212798625
84829450
81191938
213238180
11190304
59489152
37680556
108179545
37045045
68934064
26809894
113930324
30914689
67309876
35674978
681391
53730382
52921231
65715850
217313000
1251898
66232966
39884821
107854570
62433388
53932675
11705638
57490678
5610226
221067355
44530648
18903106
48580792
12522472
217508728
89755729
212408929
30850534
67467727
83161516
5723791
73155415
17286889
81068494
219961282
599524
55631491
8058649
68701234
49417084
90533761